29,6,637,3579
2,6
415,246,106,123
309,246,106,123
203,246,106,123
97,246,106,123
521,246,106,123
415,246,106,123
3,4
492,363,106,123
386,363,106,123
280,363,106,123
166,363,106,123
5,5
470,615,106,135
370,615,106,135
270,615,106,135
164,615,106,135
58,615,106,149
10,4
521,1310,126,123
319,1316,186,115
127,1316,186,115
-29,1316,166,115
18,5
455,2354,166,123
319,2354,106,123
213,2354,106,123
107,2354,106,123
1,2354,106,123
17,3
431,2201,156,123
235,2201,176,123
39,2201,176,123
6,4
393,788,124,139
209,788,168,139
209,788,168,139
415,246,106,123
11,5
432,1419,106,115
285,1419,146,115
155,1419,106,115
49,1419,106,115
531,1419,106,115
12,4
465,1533,186,123
279,1533,186,123
181,1537,96,129
19,1537,146,129
8,4
485,1044,166,123
379,1044,106,123
243,1044,124,123
31,1044,184,123
9,4
475,1177,206,123
369,1165,106,157
239,1165,126,157
105,1165,126,157
14,4
429,1808,106,123
327,1808,106,123
221,1768,106,183
55,1808,156,123
23,2
510,2883,116,118
358,2904,143,97
24,3
435,3002,156,129
254,3008,169,85
74,3008,169,85