33,8,637,3494
2,6
134,225,79,105
213,225,79,105
292,225,79,105
371,225,79,105
450,225,79,105
55,225,79,105
3,6
130,335,79,105
209,335,79,105
288,335,79,105
367,335,79,105
446,335,79,105
51,335,79,105
4,7
106,453,79,105
185,453,79,105
264,453,79,105
343,453,79,105
422,453,79,105
501,453,79,105
27,453,79,105
5,7
89,570,79,105
168,570,79,113
239,570,94,105
330,570,114,105
425,570,79,105
514,570,119,105
10,570,79,105
7,5
99,815,91,105
192,815,111,105
307,815,91,105
407,815,105,105
0,815,91,105
9,6
124,1045,77,105
198,1045,117,105
318,1045,77,105
402,1045,83,105
484,1045,98,105
149,225,79,105
17,6
141,1921,79,105
220,1921,79,105
293,1921,110,105
402,1921,73,105
469,1921,110,105
62,1921,79,111
18,7
81,2055,68,105
160,2055,68,105
231,2055,68,105
304,2055,68,105
373,2055,74,139
460,2055,78,139
552,2035,78,139
16,4
137,1800,109,105
255,1800,109,105
377,1800,109,105
488,1800,147,105
10,6
6,1150,119,105
115,1150,109,105
216,1150,91,105
295,1150,91,105
380,1150,91,105
485,1150,125,105
11,7
0,1265,89,105
91,1265,89,105
182,1265,89,105
267,1265,89,105
364,1265,95,105
461,1265,95,105
552,1265,95,105
12,7
4,1356,103,105
105,1357,83,105
192,1357,115,105
307,1357,97,105
388,1357,101,105
469,1357,91,105
560,1357,91,105
22,2
242,2535,81,100
333,2535,81,100
23,2
20,2642,131,101
154,2661,131,101